stripe_width = 150.000000
lik_offset = 3.500000
insert_t = 0.016275
insert_c = 0.024641
skip_t = 0.141675
skip_c = 0.088204
stay_t = 0.042765
stay_c = 0.047248
extend_t = 0.060279
extend_c = 0.046245
